0xa96e6f96f6aedd5f9f6a169229f11b6fab589bf6361c5268f8217b7fad96708cfbee7857573ac606d7569b44b02afcfcfdd93c21838af933366de22a6116a2a3dee1c0015457c4935991d97014804d3d3e0d2be03ad42f675f20f41ea2afbb70c0e2a79b49789131c2f28fe8214b4506db353a9a8093dc7779ec847c2bea690e653d388e2faff459e24738cd3659d9ede795e0d1f8821fd5b49224cb47ae66f9ae3c58fa66db5ea9f73d7b741939048a242e91224f98daf0641e8a8ff19b58fb8c49b1a5abb059f44249dfd611515115a144cc7c2ca29357af46a9dc1800ae9330778ff1b7a8e45321147453cf17ef3a2111ad33bfeba2b62a047fa6a7af0eef
(repeated 2 times  should be some sort of key)



21 388 731 509 885 000 178 627 064 516 258 054 470 260 331 371 598 943 108 291 856 742 436 111 736 828 979 864 010 924 669 228 672 392 691 259 110 152 052 179 841 234 423 220 373 839 350 729 519 449 867 096 270 377 366 080 249 815 393 746 878 871 366 061 153 796 079 471 618 562 067 885 157 333 408 378 773 203 102 328 726 963 273 544 788 844 541 658 368 239 189 745 882 391 132 838 451 159 906 995 037 703 318 134 437 625 750 463 265 571 575 001 855 682 002 307 507 556 141 914 223 053 440 116 920 635 522 540 306 152 978 955 166 077 383 503 077 296 996 797 116 492 665 606 386 925 464 305 499 727 852 298 454 712 455 680 910 133 707 466 125 522 128 546 462 287 576 144 499 756 117 801 116 464 261 543 533 542 827 392 699 481 765 864 054 797 509 983 998 681 705 356 909 524 163 419 157 085 924 159 390 221 747 612 487 407


e: exponent
ct: cyphertext
n: modulus

pubkey
-----BEGIN PUBLIC KEY-----
MIIBIjANBgkqhkiG9w0BAQEFAAOCAQ8AMIIBCgKCAQEAqW5vlvau3V+fahaSKfEbb6tYm/Y2HFJo+CF7f62WcIz77nhXVzrGBtdWm0SwKvz8/dk8IYOK+TM2beIqYRaio97hwAFUV8STWZHZcBSATT0+DSvgOtQvZ18g9B6ir7twwOKnm0l4kTHC8o/oIUtFBts1OpqAk9x3eeyEfCvqaQ5lPTiOL6/0WeJHOM02Wdnt55Xg0fiCH9W0kiTLR65m+a48WPpm216p9z17dBk5BIokLpEiT5ja8GQeio/xm1j7jEmxpauwWfRCSd/WEVFRFaFEzHwsopNXr0ap3BgArpMwd4/xt6jkUyEUdFPPF+86IRGtM7/rorYqBH+mp68O7wIDAQAB
-----END PUBLIC KEY-----

MIIBIDANBgkqhkiG9w0BAQEFAAOCAQ0AMIIBCAKCAQEAqW5vlvau3V+fahaSKfEbb6tYm/Y2HFJo+CF7f62WcIz77nhXVzrGBtdWm0SwKvz8/dk8IYOK+TM2beIqYRaio97hwAFUV8STWZHZcBSATT0+DSvgOtQvZ18g9B6ir7twwOKnm0l4kTHC8o/oIUtFBts1OpqAk9x3eeyEfCvqaQ5lPTiOL6/0WeJHOM02Wdnt55Xg0fiCH9W0kiTLR65m+a48WPpm216p9z17dBk5BIokLpEiT5ja8GQeio/xm1j7jEmxpauwWfRCSd/WEVFRFaFEzHwsopNXr0ap3BgArpMwd4/xt6jkUyEUdFPPF+86IRGtM7/rorYqBH+mp68O7wIBIw==